# Created by Octave 3.6.4, Tue Mar 31 23:06:34 2015 Hora estándar de Argentina <unknown@DGT9-PC>
# name: nnData
# type: global scalar struct
# ndims: 2
 1 1
# length: 11
# name: Files
# type: scalar struct
# ndims: 2
 1 1
# length: 6
# name: StructIni
# type: sq_string
# elements: 1
# length: 17
fir_Structure.ini


# name: ioInputTrain
# type: sq_string
# elements: 1
# length: 20
fir_ioInputTrain.txt


# name: ioInputTest
# type: sq_string
# elements: 1
# length: 19
fir_ioInputTest.txt


# name: ioIdealTrain
# type: sq_string
# elements: 1
# length: 20
fir_ioIdealTrain.txt


# name: ioIdealTest
# type: sq_string
# elements: 1
# length: 19
fir_ioIdealTest.txt


# name: nnData
# type: sq_string
# elements: 1
# length: 14
fir_nnData.mat




# name: Structure
# type: scalar struct
# ndims: 2
 1 1
# length: 5
# name: layerNumber
# type: matrix
# rows: 3
# columns: 1
 0
 1
 2


# name: layerNeurons
# type: matrix
# rows: 3
# columns: 1
 10
 1
 1


# name: layerActivation
# type: cell
# rows: 3
# columns: 1
# name: <cell-element>
# type: sq_string
# elements: 1
# length: 4
none


# name: <cell-element>
# type: sq_string
# elements: 1
# length: 4
tanh


# name: <cell-element>
# type: sq_string
# elements: 1
# length: 6
linear





# name: FIR_FB
# type: matrix
# rows: 3
# columns: 1
 9
 0
 0


# name: fileNames
# type: cell
# rows: 2
# columns: 1
# name: <cell-element>
# type: sq_string
# elements: 1
# length: 8
fir(1/1)


# name: <cell-element>
# type: sq_string
# elements: 0







# name: layersTotal
# type: scalar
3


# name: Neurons
# type: cell
# rows: 1
# columns: 3
# name: <cell-element>
# type: matrix
# rows: 11
# columns: 2
 1 1
 0 0.09736673442807252
 0 0.2127058891111427
 0 -0.2657959463368037
 0 0.05832755782858031
 0 0.327814586747274
 0 -0.3564719600348146
 0 0.1278040109408562
 0 0.3529486435031217
 0 -0.1311804909207477
 0 0.4774067956716768



# name: <cell-element>
# type: matrix
# rows: 2
# columns: 2
 1 1
 0.04299162546663018 0.04296515818220083



# name: <cell-element>
# type: matrix
# rows: 2
# columns: 2
 1 1
 0.04492466387355025 0.04492466387355025





# name: Weights
# type: cell
# rows: 1
# columns: 3
# name: <cell-element>
# type: scalar
0



# name: <cell-element>
# type: matrix
# rows: 1
# columns: 11
 0.1054516751691475 -0.5853040692237053 -0.5730732797958691 -0.5667289703702354 -0.5731879147426753 0.008324603264032461 0.02144255813882709 0.01809752335067639 -0.00351521403215631 -0.003980812118347547 0.005329629482601893



# name: <cell-element>
# type: matrix
# rows: 1
# columns: 2
 0.07998853150337677 -0.816109243474403





# name: Deltas
# type: cell
# rows: 1
# columns: 3
# name: <cell-element>
# type: matrix
# rows: 2
# columns: 1
 0
 0



# name: <cell-element>
# type: matrix
# rows: 2
# columns: 1
 0
 6.425306946696599e-005



# name: <cell-element>
# type: matrix
# rows: 2
# columns: 1
 0
 -7.887639528378343e-005





# name: Epochs
# type: scalar
300


# name: PredictionError
# type: matrix
# rows: 300
# columns: 1
 0.03228116308848186
 0.02324267251717327
 0.02010505540952237
 0.01899016404521155
 0.01855509875980085
 0.01834387266151937
 0.01820461444586537
 0.01808793489531027
 0.01797833945153555
 0.01787125247804085
 0.01776546029246474
 0.01766069476795259
 0.01755689960833442
 0.01745403095304959
 0.01735201809984344
 0.01725076635138709
 0.01715016712104737
 0.01705010644902626
 0.01695047064856444
 0.016851149643872
 0.01675203876653263
 0.01665303960347867
 0.01655406028972785
 0.01645501548952064
 0.01635582621140789
 0.01625641954216229
 0.01615672834797826
 0.01605669096996808
 0.01595625092847058
 0.01585535664349388
 0.01575396117451934
 0.01565202198060183
 0.0155495007004504
 0.01544636295152176
 0.01534257814684523
 0.01523811932817682
 0.01513296301406235
 0.01502708906142645
 0.01492048053937037
 0.01481312361393604
 0.01470500744267373
 0.01459612407792685
 0.01448646837782078
 0.01437603792401062
 0.0142648329453056
 0.01415285624634641
 0.01404011314056547
 0.01392661138670967
 0.01381236112825244
 0.01369737483506456
 0.01358166724675552
 0.0134652553171352
 0.01334815815928431
 0.01323039699075775
 0.01311199507848089
 0.01299297768293315
 0.01287337200124834
 0.01275320710889449
 0.01263251389963082
 0.012511325023473
 0.0123896748224324
 0.01226759926382955
 0.01214513587101617
 0.01202232365137545
 0.01189920302150476
 0.01177581572952009
 0.01165220477445623
 0.01152841432277151
 0.01140448962200033
 0.01128047691162988
 0.01115642333131166
 0.01103237682654943
 0.01090838605203692
 0.01078450027284846
 0.01066076926371319
 0.01053724320663058
 0.01041397258710875
 0.0102910080893297
 0.01016840049056498
 0.01004620055518241
 0.009924458928599181
 0.00980322603154787
 0.009682551955030349
 0.009562486356340305
 0.009443078356536886
 0.009324376439751633
 0.009206428354706255
 0.009089281018812005
 0.00897298042521124
 0.008857571553108292
 0.008743098281721384
 0.00862960330816835
 0.008517128069578309
 0.008405712669698242
 0.008295395810238306
 0.008186214727173026
 0.008078205132187356
 0.007971401159427247
 0.007865835317684341
 0.007761538448113632
 0.00765853968755221
 0.007556866437476164
 0.00745654433860233
 0.007357597251111722
 0.00726004724044227
 0.007163914568570665
 0.00706921769067638
 0.00697597325705582
 0.006884196120131236
 0.00679389934637701
 0.006705094232966689
 0.006617790328926003
 0.006531995460561975
 0.006447715760924336
 0.006364955703044616
 0.006283718136688816
 0.006204004328352771
 0.006125814004224327
 0.00604914539583358
 0.005973995288111465
 0.005900359069577682
 0.005828230784381906
 0.00575760318592591
 0.005688467791800385
 0.0056208149397769
 0.005554633844603905
 0.005489912655364692
 0.00542663851316584
 0.005364797608935219
 0.005304375241120664
 0.005245355873092375
 0.00518772319006476
 0.005131460155366393
 0.005076549065899479
 0.005022971606643666
 0.004970708904071843
 0.004919741578358381
 0.004870049794273364
 0.004821613310668256
 0.004774411528470905
 0.004728423537119218
 0.004683628159374186
 0.004640003994463546
 0.004597529459517605
 0.004556182829268438
 0.004515942273992689
 0.004476785895686728
 0.004438691762470848
 0.004401637941226524
 0.004365602528477458
 0.004330563679531369
 0.004296499635905072
 0.004263388751060409
 0.004231209514483181
 0.00419994057414126
 0.004169560757361429
 0.00414004909016776
 0.004111384815126773
 0.004083547407746866
 0.004056516591481306
 0.004030272351385401
 0.004004794946479669
 0.003980064920871421
 0.003956063113687702
 0.003932770667872731
 0.003910169037902853
 0.003888239996471705
 0.003866965640197939
 0.00384632839440697
 0.00382631101703752
 0.003806896601722712
 0.003788068580094332
 0.003769810723357666
 0.003752107143183146
 0.003734942291959412
 0.003718300962451181
 0.003702168286903814
 0.003686529735634707
 0.003671371115150439
 0.003656678565826754
 0.003642438559187012
 0.003628637894813186
 0.003615263696921763
 0.003602303410635633
 0.003589744797981201
 0.00357757593363867
 0.003565785200471926
 0.003554361284862849
 0.003543293171873838
 0.00353257014026042
 0.003522181757355081
 0.003512117873841686
 0.003502368618438961
 0.003492924392509975
 0.003483775864613847
 0.003474913965014334
 0.003466329880159264
 0.00345801504714353
 0.003449961148167572
 0.003442160105002185
 0.003434604073469788
 0.003427285437951322
 0.003420196805927219
 0.00341333100256015
 0.00340668106532653
 0.00340024023870307
 0.003394001968914124
 0.003387959898744904
 0.003382107862425063
 0.003376439880586829
 0.003370950155301023
