# Created by Octave 3.6.4, Tue Mar 31 20:09:55 2015 Hora estándar de Argentina <unknown@DGT9-PC>
# name: nnData
# type: global scalar struct
# ndims: 2
 1 1
# length: 10
# name: Files
# type: scalar struct
# ndims: 2
 1 1
# length: 6
# name: StructIni
# type: string
# elements: 1
# length: 17
xor_Structure.ini


# name: ioInputTrain
# type: string
# elements: 1
# length: 20
xor_ioInputTrain.txt


# name: ioInputTest
# type: string
# elements: 1
# length: 19
xor_ioInputTest.txt


# name: ioIdealTrain
# type: string
# elements: 1
# length: 20
xor_ioIdealTrain.txt


# name: ioIdealTest
# type: string
# elements: 1
# length: 19
xor_ioIdealTest.txt


# name: nnData
# type: string
# elements: 1
# length: 14
xor_nnData.mat




# name: Structure
# type: scalar struct
# ndims: 2
 1 1
# length: 5
# name: layerNumber
# type: matrix
# rows: 3
# columns: 1
 0
 1
 2


# name: layerNeurons
# type: matrix
# rows: 3
# columns: 1
 2
 2
 1


# name: layerActivation
# type: cell
# rows: 3
# columns: 1
# name: <cell-element>
# type: sq_string
# elements: 1
# length: 4
none


# name: <cell-element>
# type: sq_string
# elements: 1
# length: 8
logistic


# name: <cell-element>
# type: sq_string
# elements: 1
# length: 6
linear





# name: FIR_FB
# type: matrix
# rows: 4
# columns: 1
 0
 NaN
 0
 0


# name: fileNames
# type: cell
# rows: 2
# columns: 1
# name: <cell-element>
# type: sq_string
# elements: 1
# length: 3
XOR


# name: <cell-element>
# type: sq_string
# elements: 0







# name: layersTotal
# type: scalar
3


# name: Neurons
# type: cell
# rows: 1
# columns: 3
# name: <cell-element>
# type: matrix
# rows: 3
# columns: 2
 1 1
 0 0.8660254037844387
 0 0.8660254037844387



# name: <cell-element>
# type: matrix
# rows: 3
# columns: 2
 1 1
 -10.48779558277429 2.787379781127728e-005
 -2.952029142065959 0.04964069621566007



# name: <cell-element>
# type: matrix
# rows: 2
# columns: 2
 1 1
 -0.8641105424493034 -0.8641105424493034





# name: Weights
# type: cell
# rows: 1
# columns: 3
# name: <cell-element>
# type: scalar
0



# name: <cell-element>
# type: matrix
# rows: 2
# columns: 3
 -4.295336800009602 -4.47234777370026 -2.678087716649447
 0.6860910606721147 -2.180742621679566 -2.020196735110519



# name: <cell-element>
# type: matrix
# rows: 1
# columns: 3
 -1.011852806944821 -3.211704845638569 2.978036131176952





# name: Deltas
# type: cell
# rows: 1
# columns: 3
# name: <cell-element>
# type: matrix
# rows: 2
# columns: 1
 0
 0



# name: <cell-element>
# type: matrix
# rows: 3
# columns: 1
 0
 3.615892062111687e-007
 -0.0005678634815791556



# name: <cell-element>
# type: matrix
# rows: 2
# columns: 1
 0
 -0.004039205927068856





# name: Epochs
# type: scalar
609


# name: PredictionError
# type: matrix
# rows: 609
# columns: 1
 0.4256769288874771
 0.4598709663524728
 0.44425919196189
 0.4320376652667612
 0.4227578168905349
 0.4156595713021913
 0.41019682676822
 0.405973745035448
 0.4026983647008378
 0.4001513265606629
 0.398165142511671
 0.3966104781868061
 0.3953869233642576
 0.3944165378323906
 0.3936390926991035
 0.3930083788627949
 0.3924892426927176
 0.3920551710713174
 0.3916863269232457
 0.3913679687471001
 0.3910891985227449
 0.3908419859492525
 0.3906204198490445
 0.3904201418482542
 0.3902379230964215
 0.390071351103723
 0.3899186000171188
 0.3897782633213808
 0.3896492327824985
 0.38953061138805
 0.3894216511395069
 0.3893217089310301
 0.3892302155412403
 0.389146654095556
 0.3890705453364837
 0.38900143775658
 0.3889389011728843
 0.3888825227046428
 0.388831904396783
 0.3887866619379169
 0.3887464240739821
 0.3887108324314693
 0.3886795415479938
 0.3886522189702127
 0.3886285453252064
 0.3886082143053882
 0.3885909325317167
 0.3885764192776516
 0.388564406048596
 0.3885546360197797
 0.388546863340657
 0.3885408523167033
 0.3885363764805908
 0.3885332175645892
 0.3885311643850406
 0.3885300116481641
 0.3885295586844937
 0.3885296081170726
 0.3885299644662469
 0.3885304326915886
 0.3885308166691792
 0.3885309176002305
 0.3885305323448026
 0.3885294516722074
 0.3885274584175311
 0.388524325531551
 0.3885198140091266
 0.3885136706788798
 0.388505625834598
 0.3884953906862632
 0.3884826546058788
 0.3884670821402912
 0.3884483097599331
 0.3884259423088113
 0.388399549117067
 0.3883686597330095
 0.388332759226637
 0.3882912830112564
 0.3882436111239183
 0.3881890618989621
 0.3881268849621041
 0.3880562534652567
 0.3879762554748248
 0.3878858844188539
 0.387784028491491
 0.3876694589073867
 0.3875408168947399
 0.3873965993149002
 0.3872351428004178
 0.3870546063144398
 0.3868529520554015
 0.3866279246660183
 0.3863770287598359
 0.3860975048586144
 0.3857863039478889
 0.3854400610162189
 0.3850550681577738
 0.3846272481013867
 0.3841521293959788
 0.3836248249452214
 0.383040016152138
 0.3823919456066787
 0.3816744220092054
 0.3808808418263945
 0.3800042329389152
 0.3790373261217857
 0.3779726603869529
 0.3768027277225191
 0.3755201612229243
 0.3741179676280957
 0.3725898005454397
 0.3709302639960165
 0.3691352277066013
 0.3672021267175328
 0.3651302101645828
 0.3629207000649117
 0.3605768234950551
 0.3581036930972369
 0.3555080321125292
 0.3527977690510318
 0.3499815583980513
 0.347068309740747
 0.3440668203601129
 0.3409855999656623
 0.3378329495515527
 0.3346173129218713
 0.3313478665628348
 0.328035260173377
 0.3246923752656963
 0.321334941256032
 0.3179818453554103
 0.3146550011024483
 0.311378703413128
 0.3081784902432815
 0.3050796355842085
 0.3021054886061808
 0.2992759202632846
 0.2966061228401921
 0.2941059316450297
 0.2917797250088886
 0.2896268446022726
 0.2876423950417652
 0.2858182463920061
 0.2841440732780293
 0.2826083046134775
 0.2811989093038876
 0.2799039903336532
 0.2787121940654006
 0.2776129615722304
 0.2765966567052469
 0.275654605278176
 0.2747790749879128
 0.2739632192940568
 0.2732010021773505
 0.2724871153325006
 0.271816895188956
 0.2711862441364363
 0.2705915582641897
 0.2700296625768463
 0.2694977538198738
 0.2689933505696203
 0.268514249994767
 0.2680584905919869
 0.2676243201808481
 0.2672101684738881
 0.2668146235934991
 0.2664364119733548
 0.2660743811500217
 0.2657274850154469
 0.2653947711607733
 0.2650753699954275
 0.2647684853724674
 0.2644733864920181
 0.2641894008897735
 0.2639159083475799
 0.2636523355886454
 0.2633981516415396
 0.2631528637753909
 0.2629160139240407
 0.262687175529821
 0.2624659507484409
 0.2622519679655455
 0.2620448795831047
 0.2618443600401605
 0.2616501040377875
 0.2614618249425951
 0.2612792533468468
 0.2611021357664186
 0.2609302334604705
 0.2607633213589334
 0.2606011870857993
 0.2604436300677975
 0.2602904607193902
 0.260141499696176
 0.2599965772097667
 0.2598555323980487
 0.2597182127454565
 0.2595844735485129
 0.2594541774224226
 0.2593271938449749
 0.2592033987344147
 0.2590826740582959
 0.2589649074706382
 0.2588499919749833
 0.2587378256111843
 0.2586283111639719
 0.2585213558915331
 0.2584168712724986
 0.2583147727698892
 0.2582149796106983
 0.2581174145799109
 0.2580220038278616
 0.2579286766899329
 0.2578373655176787
 0.257748005520535
 0.2576605346173528
 0.2575748932970485
 0.2574910244877253
 0.2574088734336719
 0.2573283875796915
 0.257249516462258
 0.2571722116070334
 0.2570964264323195
 0.2570221161580466
 0.2569492377199357
 0.2568777496884906
 0.2568076121925133
 0.2567387868468446
 0.2566712366840679
 0.2566049260899205
 0.2565398207421828
 0.25647588755283
 0.256413094613245
 0.2563514111423045
 0.2562908074371679
 0.2562312548266038
 0.2561727256267047
 0.256115193098849
